109
7.230091923722233
0.14266248726935546
0.07772142197332782
4.004894899963001
0.25620955817510016
1.8198092030703048
5.064839628100388
-0.39887204544463795
1.250241222227585
5.712816690140684
1.3849859659963124
5.644297050463196
0.40763655901970774
3.0484470733245987
5.093318940856158
2.0546764796543058
1.348349635421959
-0.4857571607199807
0.5934589655572271
2.028307177176542
1.3616628082404438
1.9082528643721166
0.9341695214666277
2.541152810826709
2.390949194393861
0.8881587999947179
2.1462763841036847
1.675266140909574
1.0619329547078658
1.1447369941076782
0.6402699742274052
0.6274592723413109
0.6470024754742493
0.13398580349787567
3.297613090399705
0.37278522783476437
0.26619821603057703
-2.05539565010671
0.09274749225047986
1.8395481327292635
1.194872449786002
1.1755371925011362
2.107342793708027
1.5413851465725998
1.4861628270601124
0.2855757957122547
2.0591642222033877
-0.15202155542271656
0.2807813032932871
0.45770527887052753
0.07938864161047612
0.07963423524969807
0.14068515840071064
2.713293497956479
0.09497901847067289
0.6026755226370495
1.18093648193821
0.5391666451024243
0.21775936746067212
0.7573862738540714
0.11814157496250428
0.002025763364726596
0.4117811127406506
0.1431515029743502
1.1935127877203404
3.2109689092719003
0.39390318923049106
0.5487454764598851
0.8892202952727936
0.11519041103465698
0.19922108866317123
0.14090701804857378
-0.3668273895127978
0.053397933536212694
0.5094273672373285
0.5492115116177443
0.7002162482524753
0.055586358981223404
1.9698026833593563
1.486504564668825
1.4387458648541684
1.0126411851116166
1.0445690584151657
0.19229968851321713
2.157134735764932
0.8435627963520668
0.221311437132994
0.5610805444496879
0.40440403561215327
0.2508566261489754
0.44812006393623866
1.0366908604294747
1.289876321178253
3.3544692566477083
0.6269374345809227
0.6047164450752655
0.27727928885274855
1.3271861024150762
0.34792287445883124
0.19971422311212936
1.999709095783304
0.2637509009634209
0.364930350392852
0.06073173503500965
0.054290501666146955
0.2637399188179825
0.3243754118425404
0.22148799108310285
-0.9099113992852215
